   3    5   19   18   24 
   0   27   26   23    6 
  11    5   14   22    0 
   9   17    3   27   12 

  16    0   11    6    5 
  17   15    4   11   22 
  20   10   21    4   16 
  10   27   11    7   27 

   7   17    3    3    5 
  29   19    8   11   18 
   2   16   26   10    3 
   8    0   11   12    5 

  10   29   24   17    8 
   3   25   21    2   20 
   1   26   14   10    6 
  21   18    9   18    4 

   1   24   23   19   18 
   8    0    8    7   17 
   8   13   18   13   17 
  21    0   17   13    4 

